output: { "axle": 0.22423, "l_diam": 0.0710666, "r_diam": 0.0711015, "l_x": 0.00242913, "l_y": -0.120914, "l_theta": 1.00062, "E_d": 1.00049, "E_b": 2.49145, "covariance": [ [ 3.46565e-08, 3.37475e-08, 2.15291e-07, 3.69294e-08, 1.80009e-08, 2.65973e-07 ], [ 3.37475e-08, 3.37286e-08, 2.12839e-07, 3.71017e-08, 1.9168e-08, 2.67024e-07 ], [ 2.15291e-07, 2.12839e-07, 1.40861e-06, 2.34247e-07, 8.57457e-08, 1.68253e-06 ], [ 3.69294e-08, 3.71017e-08, 2.34247e-07, 2.03931e-06, 6.50111e-07, 2.74032e-06 ], [ 1.80009e-08, 1.9168e-08, 8.57457e-08, 6.50111e-07, 2.27567e-06, 1.84293e-07 ], [ 2.65973e-07, 2.67024e-07, 1.68253e-06, 2.74032e-06, 1.84293e-07, 1.97076e-05 ] ] }

