{ "axle": 0.251822, "l_diam": 0.0747773, "r_diam": 0.0733235, "l_x": -0.0191393, "l_y": 0.00343287, "l_theta": -0.0676913, "E_d": 0.980558, "E_b": 2.79802, "covariance": [ [ 8.96666e-09, 6.91567e-09, 5.09519e-08, -6.58832e-11, 9.83434e-09, 1.09959e-08 ], [ 6.91567e-09, 8.72302e-09, 5.67809e-08, -4.56019e-10, 1.65256e-08, 5.74966e-09 ], [ 5.09519e-08, 5.67809e-08, 6.99629e-07, -1.77685e-08, 1.05078e-07, 4.56233e-08 ], [ -6.58832e-11, -4.56019e-10, -1.77685e-08, 2.82073e-07, 2.7507e-08, 1.38205e-07 ], [ 9.83434e-09, 1.65256e-08, 1.05078e-07, 2.7507e-08, 6.75207e-07, -6.02096e-08 ], [ 1.09959e-08, 5.74966e-09, 4.56233e-08, 1.38205e-07, -6.02096e-08, 2.39157e-06 ] ] }

